4
T0P0 1
T0P1 1
T0P2 1
T0P3 1
T0P4 1
T0P5 2 0
T0P6 2 1
T0P7 2 0
T0P8 2 1
T0P9 2 0
T0P10 3 1
T0P11 3 0
T0P12 3 1
T0P13 3 0
T0P14 3 1
T1P0 1
T1P1 1
T1P2 1
T1P3 1
T1P4 1
T1P5 2 0
T1P6 2 1
T1P7 2 0
T1P8 2 1
T1P9 2 0
T1P10 3 1
T1P11 3 0
T1P12 3 1
T1P13 3 0
T1P14 3 1
T2P0 1
T2P1 1
T2P2 1
T2P3 1
T2P4 1
T2P5 2 0
T2P6 2 1
T2P7 2 0
T2P8 2 1
T2P9 2 0
T2P10 3 1
T2P11 3 0
T2P12 3 1
T2P13 3 0
T2P14 3 1
T3P0 1
T3P1 1
T3P2 1
T3P3 1
T3P4 1
T3P5 2 0
T3P6 2 1
T3P7 2 0
T3P8 2 1
T3P9 2 0
T3P10 3 1
T3P11 3 0
T3P12 3 1
T3P13 3 0
T3P14 3 1
GRP1_M1
100
5
1
1000 100 1
2000 200 1
3000 300 1
4000 400 1
5000 500 1
6000 600 1
7000 700 1
8000 800 1
9000 900 1
10000 1000 1
11000 1100 1
12000 1200 1
13000 1300 1
14000 1400 1
15000 1500 1
16000 1600 1
17000 1700 1
18000 1800 1
19000 1900 1
20000 2000 1
21000 2100 1
22000 2200 1
23000 2300 1
24000 2400 1
25000 2500 1
26000 2600 1
27000 2700 1
28000 2800 1
29000 2900 1
30000 3000 1
GRP2_M1
100
5
1
31000 3100 1
32000 3200 1
33000 3300 1
34000 3400 1
35000 3500 1
36000 3600 1
37000 3700 1
38000 3800 1
39000 3900 1
40000 4000 1
41000 4100 1
42000 4200 1
43000 4300 1
44000 4400 1
45000 4500 1
46000 4600 1
47000 4700 1
48000 4800 1
49000 4900 1
50000 5000 1
51000 5100 1
52000 5200 1
53000 5300 1
54000 5400 1
55000 5500 1
56000 5600 1
57000 5700 1
58000 5800 1
59000 5900 1
60000 6000 1
SEMI_1
100
5
1
0 0 1
0 0 1
0 0 1
0 0 1
0 0 1
0 0 1
0 0 1
0 0 1
0 0 1
0 0 1
0 0 1
0 0 1
0 0 1
0 0 1
0 0 1
0 0 1
0 0 1
0 0 1
0 0 1
0 0 1
0 0 1
0 0 1
0 0 1
0 0 1
0 0 1
0 0 1
0 0 1
0 0 1
0 0 1
0 0 1
SEMI_2
100
5
2
0 0 1
0 0 1
0 0 1
0 0 1
0 0 1
0 0 1
0 0 1
0 0 1
0 0 1
0 0 1
0 0 1
0 0 1
0 0 1
0 0 1
0 0 1
0 0 1
0 0 1
0 0 1
0 0 1
0 0 1
0 0 1
0 0 1
0 0 1
0 0 1
0 0 1
0 0 1
0 0 1
0 0 1
0 0 1
0 0 1
FINAL
100
5
1
0 0 1
0 0 1
0 0 1
0 0 1
0 0 1
0 0 1
0 0 1
0 0 1
0 0 1
0 0 1
0 0 1
0 0 1
0 0 1
0 0 1
0 0 1
0 0 1
0 0 1
0 0 1
0 0 1
0 0 1
0 0 1
0 0 1
0 0 1
0 0 1
0 0 1
0 0 1
0 0 1
0 0 1
0 0 1
0 0 1
2
